image_width: 320
image_height: 240
camera_name: narrow_stereo/left
camera_matrix:
  rows: 3
  cols: 3
  data: [289.525170, 0, 157.537007, 0, 290.323473, 117.599375, 0, 0, 1]
distortion_model: plumb_bob
distortion_coefficients:
  rows: 1
  cols: 5
  data: [-0.019438, -0.205222, -0.003668, -0.010038, 0]
rectification_matrix:
  rows: 3
  cols: 3
  data: [1, 0, 0, 0, 1, 0, 0, 0, 1]
projection_matrix:
  rows: 3
  cols: 4
  data: [280.092133, 0, 153.631286, 0, 0, 286.554657, 116.433607, 0, 0, 0, 1, 0]
